1, Poland, 48, 38, 14
5, China, 43, 51, 6
9, Brazil, 12, 38, 50
12, France, 15, 69, 16
18, Dominica, 15, 55, 30
32, Portugal, 50, 45, 5
41, Peru, 10, 73, 17
44, Marshall Islands, 39, 31, 30
55, Belize, 35, 56, 9
59, Uruguay, 36, 39, 25
63, Hungary, 2, 39, 59
67, Paraguay, 33, 33, 34
68, Ireland, 37, 52, 11
70, Bolivia, 32, 56, 12
73, Afghanistan, 16, 46, 38
76, Myanmar, 8, 74, 18
88, Mexico, 44, 49, 7
91, Chile, 17, 77, 6
97, Spain, 68, 31, 1
98, Guatemala, 42, 57, 1
